1750132812023 0.5117468237876892 1
1750132864239 0.4524468183517456 2
1750132865538 0.510996401309967 3
1750132866912 0.49028605222702026 4
1750132868206 0.42439138889312744 5
1750132869535 0.31668251752853394 6
1750132870812 0.6774412393569946 7
1750132872107 0.3399263322353363 8
1750132873416 0.3664233982563019 9
1750132874712 0.4059455990791321 10
1750132875995 0.41314199566841125 11
1750132877287 0.27051424980163574 12
1750132878660 0.32218819856643677 13
1750132879956 0.3693101406097412 14
1750132881167 0.3541978597640991 15
1750132882461 0.4297374486923218 16
1750132883745 0.3311181664466858 17
1750132885045 0.3799833655357361 18
1750132886333 0.30859822034835815 19
1750132887691 0.3064994812011719 20
1750132888983 0.2944176495075226 21
1750132890269 0.3157314658164978 22
1750132891557 0.3488169312477112 23
1750132892924 0.5051004886627197 24
1750132894217 0.40434563159942627 25
1750132895508 0.32389190793037415 26
1750132896756 0.30116555094718933 27
1750132898045 0.3249638080596924 28
1750132899368 0.43970581889152527 29
1750132900656 0.4049451947212219 30
1750132901946 0.2910560369491577 31
1750132903301 0.47646602988243103 32
1750132904585 0.36593303084373474 33
1750132905859 0.3103674352169037 34
1750132907151 0.31970399618148804 35
1750132908443 0.33443179726600647 36
1750132909734 0.32783442735671997 37
1750132911027 0.40303871035575867 38
1750132912361 0.4691603183746338 39
1750132913666 0.42835354804992676 40
1750132914954 0.31490856409072876 41
1750132916235 0.44722482562065125 42
1750132917518 0.3034151792526245 43
1750132918720 0.41587623953819275 44
1750132920003 0.27557337284088135 45
1750132921308 0.38987934589385986 46
1750132922518 0.3167707324028015 47
1750132923808 0.27370360493659973 48
1750132925123 0.40446218848228455 49
1750132926415 0.3556666374206543 50
1750132927716 0.3992595672607422 51
1750132929075 0.2897387146949768 52
1750132930363 0.29081976413726807 53
1750132931641 0.3378412425518036 54
1750132932930 0.3447296619415283 55
1750132934217 0.3199863135814667 56
1750132935519 0.3372488021850586 57
1750132936802 0.37473833560943604 58
1750132938129 0.3606111407279968 59
1750132939473 0.3511226773262024 60
1750132940763 0.39123237133026123 61
1750132942045 0.31512343883514404 62
1750132943359 0.3094419836997986 63
1750132944670 0.3747517168521881 64
1750132945959 0.3211318254470825 65
1750132947260 0.28236639499664307 66
1750132948627 0.3667522072792053 67
1750132949913 0.4038705825805664 68
1750132951280 0.3606669008731842 69
1750132952566 0.3593505918979645 70
1750132953860 0.4279751777648926 71
1750132955187 0.34263837337493896 72
1750132956474 0.29651981592178345 73
1750132957759 0.3250613212585449 74
1750132959118 0.2817431688308716 75
1750132960418 0.3379197418689728 76
1750132961718 0.2924426198005676 77
1750132963021 0.37924525141716003 78
1750132964243 0.41426679491996765 79
1750132965588 0.2946068346500397 80
1750132966875 0.3398161828517914 81
1750132968159 0.3066886067390442 82
1750132969439 0.24344247579574585 83
1750132970724 0.286496639251709 84
1750132972013 0.4234766662120819 85
1750132973303 0.3072037696838379 86
1750132974676 0.2116076797246933 87
1750132975974 0.3904980719089508 88
1750132977341 0.2562556266784668 89
1750132978578 0.2935475707054138 90
1750132979921 0.2729299068450928 91
1750132981225 0.25713780522346497 92
1750132982517 0.40283143520355225 93
1750132983832 0.3160085678100586 94
1750132985123 0.2701616883277893 95
1750132986338 0.35566964745521545 96
1750132987650 0.3036814033985138 97
1750132988985 0.27186864614486694 98
1750132990335 0.36495816707611084 99
1750132991626 0.3527624011039734 100
1750132992914 0.30498918890953064 101
1750132994190 0.2924026846885681 102
1750132995495 0.35947686433792114 103
1750132996845 0.3787878155708313 104
1750132998135 0.3033331036567688 105
1750132999423 0.3122177720069885 106
1750133000708 0.31623968482017517 107
1750133002003 0.24760013818740845 108
1750133003330 0.43966609239578247 109
1750133004615 0.38735201954841614 110
1750133005897 0.34596550464630127 111
1750133007193 0.32116860151290894 112
1750133008518 0.26511716842651367 113
1750133009830 0.38909971714019775 114
1750133011189 0.2387365996837616 115
1750133012485 0.40352725982666016 116
1750133013787 0.2909431457519531 117
1750133015062 0.2958828806877136 118
1750133016287 0.3701551556587219 119
1750133017611 0.2510251998901367 120
1750133018958 0.2552154064178467 121
1750133020262 0.2982444763183594 122
1750133021557 0.3539891839027405 123
1750133022854 0.36294054985046387 124
1750133024180 0.40837135910987854 125
1750133025384 0.3208863139152527 126
1750133026671 0.34894779324531555 127
1750133027975 0.28772222995758057 128
1750133029271 0.31601542234420776 129
1750133030550 0.3003137707710266 130
1750133031847 0.2942333519458771 131
1750133033142 0.37061989307403564 132
1750133034439 0.28437352180480957 133
1750133035813 0.3200446367263794 134
1750133037109 0.2488635778427124 135
1750133038412 0.3264246881008148 136
1750133039720 0.2728338837623596 137
1750133041031 0.32019156217575073 138
1750133042281 0.3933177590370178 139
1750133043569 0.3080609440803528 140
1750133044884 0.4019806385040283 141
1750133046167 0.30773916840553284 142
1750133047466 0.32434678077697754 143
1750133048765 0.3553096354007721 144
1750133050056 0.3419066071510315 145
1750133051372 0.24645951390266418 146
1750133052659 0.3100542426109314 147
1750133053948 0.2622411251068115 148
1750133055238 0.3573443293571472 149
1750133056556 0.3153352737426758 150
1750133057834 0.3178671598434448 151
1750133059134 0.3420964479446411 152
1750133060537 0.3337702751159668 153
1750133061829 0.2688940465450287 154
1750133063098 0.3390796482563019 155
1750133064383 0.271384060382843 156
1750133065665 0.32499516010284424 157
1750133066962 0.3076317608356476 158
1750133068291 0.3322162628173828 159
1750133069609 0.2803950309753418 160
1750133070908 0.3374482989311218 161
1750133072187 0.3254881203174591 162
1750133073486 0.3017684817314148 163
1750133074767 0.32180023193359375 164
1750133076079 0.3126530945301056 165
1750133077350 0.33349496126174927 166
1750133078636 0.303184449672699 167
1750133079933 0.3041803240776062 168
1750133081250 0.29545533657073975 169
1750133082590 0.18669137358665466 170
1750133083887 0.35479485988616943 171
1750133085190 0.35109943151474 172
1750133086480 0.37206244468688965 173
1750133087770 0.2482553869485855 174
1750133089056 0.32439419627189636 175
1750133090343 0.3566019535064697 176
1750133091688 0.3237302899360657 177
1750133092990 0.31417110562324524 178
1750133094281 0.308742880821228 179
1750133095491 0.4974321126937866 180
1750133096798 0.28468847274780273 181
1750133098009 0.4356737732887268 182
1750133099327 0.364627480506897 183
1750133100621 0.33113589882850647 184
1750133101895 0.3849231004714966 185
1750133103182 0.2988097071647644 186
1750133104483 0.37541353702545166 187
1750133105847 0.42048174142837524 188
1750133107141 0.26593050360679626 189
1750133108435 0.2977253496646881 190
1750133109726 0.3238278925418854 191
1750133111024 0.27391117811203003 192
1750133112346 0.2968981862068176 193
1750133113662 0.2582968473434448 194
1750133115000 0.3211939036846161 195
1750133116298 0.3309406638145447 196
1750133117640 0.3250819444656372 197
1750133118928 0.3325873613357544 198
1750133120225 0.2650808095932007 199
1750133121515 0.32725954055786133 200
1750133122809 0.291425883769989 201
1750133124111 0.3400458097457886 202
1750133125477 0.2649625837802887 203
1750133126778 0.32024049758911133 204
1750133128104 0.28297388553619385 205
1750133129408 0.287728488445282 206
1750133130758 0.27201271057128906 207
1750133132043 0.29688477516174316 208
1750133133390 0.3744175434112549 209
1750133134698 0.28759902715682983 210
1750133135924 0.4240766167640686 211
1750133137242 0.3076304793357849 212
1750133138550 0.27331262826919556 213
1750133139844 0.21993260085582733 214
1750133141137 0.3754633367061615 215
1750133142464 0.3364446461200714 216
1750133143767 0.29781392216682434 217
1750133145044 0.2604832649230957 218
1750133146378 0.22384677827358246 219
1750133147690 0.24937881529331207 220
1750133149007 0.26888105273246765 221
1750133150289 0.3560843765735626 222
1750133151582 0.3498638868331909 223
1750133152876 0.41707858443260193 224
1750133154207 0.29906731843948364 225
1750133155769 0.27205318212509155 226
1750133157128 0.3389225900173187 227
1750133158422 0.306841641664505 228
1750133159730 0.25132307410240173 229
1750133161015 0.27272722125053406 230
1750133162305 0.2951609194278717 231
1750133163603 0.2899858057498932 232
1750133164931 0.322997510433197 233
1750133166212 0.28110790252685547 234
1750133167501 0.2908191680908203 235
1750133168841 0.281063973903656 236
1750133170145 0.3199766278266907 237
1750133171433 0.33947786688804626 238
1750133172729 0.3399287462234497 239
1750133174042 0.3273535370826721 240
1750133175328 0.3298656642436981 241
1750133176612 0.2881975769996643 242
1750133177979 0.2751379609107971 243
1750133179268 0.30941736698150635 244
1750133180601 0.29818353056907654 245
1750133181882 0.2784234285354614 246
1750133183197 0.29623404145240784 247
1750133184557 0.268089234828949 248
1750133185792 0.41974928975105286 249
1750133187087 0.24672916531562805 250
1750133188373 0.3511757254600525 251
1750133189666 0.3115953803062439 252
1750133190950 0.3228118419647217 253
1750133192227 0.3055833578109741 254
1750133193534 0.311703622341156 255
1750133194827 0.38403481245040894 256
1750133196112 0.2954341769218445 257
1750133197338 0.2927570343017578 258
1750133198656 0.3214215636253357 259
1750133199960 0.31916338205337524 260
1750133201243 0.33869093656539917 261
1750133202529 0.2931596636772156 262
1750133203821 0.31636953353881836 263
1750133205132 0.2467513084411621 264
1750133206417 0.28311699628829956 265
1750133207707 0.26032257080078125 266
1750133209006 0.26830244064331055 267
1750133210302 0.3193199336528778 268
1750133211621 0.37259185314178467 269
1750133212910 0.25591909885406494 270
1750133214201 0.29320964217185974 271
1750133215501 0.3151562213897705 272
1750133216715 0.364837646484375 273
1750133218026 0.2887684106826782 274
1750133219313 0.23528170585632324 275
1750133220607 0.35677486658096313 276
1750133221890 0.3933042287826538 277
1750133223184 0.35511207580566406 278
1750133224472 0.25033804774284363 279
1750133225754 0.3028966784477234 280
1750133227042 0.292784184217453 281
1750133228363 0.35465604066848755 282
1750133229674 0.37473568320274353 283
1750133230964 0.3111029267311096 284
1750133232256 0.2594701945781708 285
1750133233550 0.31342849135398865 286
1750133234855 0.2949242889881134 287
1750133236145 0.3113296926021576 288
1750133237463 0.3296322822570801 289
1750133238748 0.2275085747241974 290
1750133240052 0.2244657427072525 291
1750133241370 0.28384095430374146 292
1750133242653 0.23643556237220764 293
1750133243938 0.2148197889328003 294
1750133245275 0.2723260223865509 295
1750133246603 0.24448132514953613 296
1750133247904 0.22620739042758942 297
1750133249185 0.35127341747283936 298
1750133250481 0.2535610795021057 299
1750133251828 0.2781664729118347 300
1750133253112 0.3405942916870117 301
1750133254392 0.2856343388557434 302
1750133255716 0.32344895601272583 303
1750133257010 0.3280583620071411 304
1750133258300 0.2514915466308594 305
1750133259595 0.23564966022968292 306
1750133260887 0.32426878809928894 307
1750133262262 0.2504003047943115 308
1750133263639 0.31915509700775146 309
1750133264913 0.2866508960723877 310
1750133266268 0.2826623320579529 311
1750133267562 0.20528742671012878 312
1750133268864 0.2665691375732422 313
1750133270178 0.24946141242980957 314
1750133271461 0.25361329317092896 315
1750133272755 0.3619065284729004 316
1750133274044 0.30604493618011475 317
1750133275265 0.4499620497226715 318
1750133276574 0.26573866605758667 319
1750133277887 0.24357342720031738 320
1750133279190 0.29888439178466797 321
1750133280472 0.28810322284698486 322
1750133281779 0.27931922674179077 323
1750133283093 0.28050196170806885 324
1750133284425 0.2789437472820282 325
1750133285702 0.27644822001457214 326
1750133286987 0.25107789039611816 327
1750133288332 0.2890249788761139 328
1750133289611 0.331684947013855 329
1750133290939 0.29708051681518555 330
1750133292232 0.3494481146335602 331
1750133293524 0.2774391174316406 332
1750133294812 0.335570752620697 333
1750133296104 0.38133561611175537 334
1750133297318 0.3497459888458252 335
1750133298649 0.32986611127853394 336
1750133299987 0.230759859085083 337
1750133301271 0.27020063996315 338
1750133302492 0.23967978358268738 339
1750133303709 0.4655470550060272 340
1750133304994 0.23967140913009644 341
1750133306278 0.29439282417297363 342
1750133307600 0.24001413583755493 343
1750133308890 0.3035629391670227 344
1750133310181 0.28651654720306396 345
1750133311481 0.23374377191066742 346
1750133312836 0.25887274742126465 347
1750133314055 0.3742276430130005 348
1750133315357 0.2687133848667145 349
1750133316641 0.3034874200820923 350
1750133317941 0.33204030990600586 351
1750133319230 0.3871540427207947 352
1750133320508 0.29661494493484497 353
1750133321798 0.2898874580860138 354
1750133323090 0.32612714171409607 355
1750133324382 0.31338372826576233 356
1750133325716 0.2704010605812073 357
1750133327003 0.28829166293144226 358
1750133328303 0.36193710565567017 359
1750133329626 0.3119339346885681 360
1750133330912 0.3256821036338806 361
1750133332207 0.2631104588508606 362
1750133333494 0.2838728427886963 363
1750133334815 0.28774410486221313 364
1750133336134 0.32909566164016724 365
1750133337339 0.4651954472064972 366
1750133338631 0.29536953568458557 367
1750133339914 0.3075289726257324 368
1750133341262 0.3472231924533844 369
1750133342559 0.31923002004623413 370
1750133343844 0.27004149556159973 371
1750133345144 0.27740663290023804 372
1750133346439 0.31783175468444824 373
1750133347649 0.2742093801498413 374
1750133348974 0.2338767945766449 375
1750133350280 0.2631185054779053 376
1750133351555 0.29225337505340576 377
1750133352841 0.32013773918151855 378
1750133354104 0.4207346439361572 379
1750133355387 0.30195558071136475 380
1750133356712 0.28912878036499023 381
1750133358022 0.2891760468482971 382
1750133359311 0.3186115622520447 383
1750133360602 0.20785847306251526 384
1750133361876 0.2821314036846161 385
1750133363163 0.25156378746032715 386
1750133364462 0.284933865070343 387
1750133365797 0.3687617778778076 388
1750133367111 0.2931799590587616 389
1750133368426 0.3218483328819275 390
1750133369739 0.3145132064819336 391
1750133371023 0.3260975778102875 392
1750133372310 0.31732720136642456 393
1750133373601 0.2618222236633301 394
1750133374892 0.3293983042240143 395
1750133376181 0.2953009307384491 396
1750133377494 0.35199791193008423 397
1750133378767 0.29388150572776794 398
1750133380069 0.2927411198616028 399
1750133381401 0.3438580334186554 400
1750133382648 0.42851462960243225 401
1750133383944 0.36638933420181274 402
1750133385235 0.2577061653137207 403
1750133386526 0.2975195050239563 404
1750133387842 0.22836071252822876 405
1750133389055 0.38702160120010376 406
1750133390342 0.31223806738853455 407
1750133391627 0.33514708280563354 408
1750133392932 0.2677440047264099 409
1750133394226 0.2947840392589569 410
1750133395521 0.34086543321609497 411
1750133396834 0.16281592845916748 412
1750133398122 0.28352388739585876 413
1750133399412 0.2869156002998352 414
1750133400770 0.2803475558757782 415
1750133402064 0.3336964249610901 416
1750133403368 0.2701471745967865 417
1750133404656 0.35911357402801514 418
1750133405954 0.2523113787174225 419
1750133407254 0.30959439277648926 420
1750133408544 0.24123245477676392 421
1750133409828 0.32249879837036133 422
1750133411131 0.25637373328208923 423
1750133412429 0.2848995327949524 424
1750133413725 0.362601637840271 425
1750133415006 0.26136940717697144 426
1750133416300 0.2623283863067627 427
1750133417658 0.308085560798645 428
1750133418875 0.3427155613899231 429
1750133420165 0.2880048155784607 430
1750133421450 0.27073097229003906 431
1750133422747 0.3481951951980591 432
1750133424040 0.21762023866176605 433
1750133425321 0.28051814436912537 434
1750133426553 0.2954709827899933 435
1750133427840 0.3010566830635071 436
1750133429192 0.27794894576072693 437
1750133430483 0.32413968443870544 438
1750133431777 0.325680673122406 439
1750133433128 0.2802666425704956 440
1750133434435 0.3380926251411438 441
1750133435658 0.41810065507888794 442
1750133436981 0.2871716022491455 443
1750133438302 0.3022876977920532 444
1750133439594 0.33552929759025574 445
1750133440882 0.30930864810943604 446
1750133442180 0.30054453015327454 447
1750133443479 0.2581358253955841 448
1750133444769 0.33032965660095215 449
1750133446053 0.29863959550857544 450
1750133447348 0.29298725724220276 451
1750133448635 0.20800255239009857 452
1750133449947 0.23296791315078735 453
1750133451254 0.30080723762512207 454
1750133452605 0.2953941226005554 455
1750133453928 0.2508033812046051 456
1750133455219 0.28278636932373047 457
1750133456514 0.3062021732330322 458
1750133457816 0.27490007877349854 459
1750133459115 0.2729095220565796 460
1750133460457 0.24335190653800964 461
1750133461753 0.268096923828125 462
1750133463068 0.3695388734340668 463
1750133464361 0.30618467926979065 464
1750133465685 0.30099403858184814 465
1750133466980 0.242717444896698 466
1750133468341 0.23070380091667175 467
1750133469676 0.3164210915565491 468
1750133470988 0.2267720103263855 469
1750133472276 0.27424734830856323 470
1750133473569 0.2667884826660156 471
1750133474892 0.2756311893463135 472
1750133476171 0.3000076711177826 473
1750133477451 0.2768918573856354 474
1750133478746 0.2767412066459656 475
1750133480044 0.23583760857582092 476
1750133481366 0.2722656726837158 477
1750133482650 0.3170282244682312 478
1750133483956 0.2959904074668884 479
1750133485337 0.25424033403396606 480
1750133486564 0.3659130930900574 481
1750133487857 0.25408533215522766 482
1750133489150 0.24077287316322327 483
1750133490418 0.313332736492157 484
1750133491707 0.3018491268157959 485
1750133492995 0.2377682626247406 486
1750133494286 0.30058926343917847 487
1750133495600 0.24255859851837158 488
1750133496897 0.2935839295387268 489
1750133498198 0.22752436995506287 490
1750133499414 0.26376593112945557 491
1750133500771 0.321936696767807 492
1750133502081 0.3435004651546478 493
1750133503372 0.2547184228897095 494
1750133504700 0.3157932162284851 495
1750133505992 0.2787254750728607 496
1750133507317 0.32105541229248047 497
1750133508608 0.29408061504364014 498
1750133509917 0.27147698402404785 499
1750133511219 0.2585506737232208 500
1750133512507 0.24179458618164062 501
1750133513796 0.32410144805908203 502
1750133515111 0.284587025642395 503
1750133516420 0.2610386610031128 504
1750133517636 0.23897668719291687 505
1750133518918 0.2645392417907715 506
1750133520207 0.29572778940200806 507
1750133521567 0.31012219190597534 508
1750133522868 0.2932034134864807 509
1750133524189 0.30417531728744507 510
1750133525553 0.27570730447769165 511
1750133526870 0.24537625908851624 512
1750133528222 0.29246824979782104 513
1750133529443 0.32847410440444946 514
1750133530727 0.22301369905471802 515
1750133532097 0.2696126103401184 516
1750133533396 0.21330571174621582 517
1750133534684 0.2629302442073822 518
1750133535992 0.26307275891304016 519
1750133537281 0.29451167583465576 520
1750133538576 0.28608444333076477 521
1750133539877 0.2582991123199463 522
1750133541185 0.24687106907367706 523
1750133542473 0.2730512022972107 524
1750133543812 0.2664814889431 525
1750133545104 0.26066893339157104 526
1750133546398 0.290688693523407 527
1750133547685 0.3288130760192871 528
1750133548907 0.3102378845214844 529
1750133550207 0.23516374826431274 530
1750133551502 0.2066892832517624 531
1750133552795 0.2755630612373352 532
1750133554091 0.33302438259124756 533
1750133555308 0.48500484228134155 534
1750133556601 0.2966402471065521 535
1750133557917 0.26994046568870544 536
1750133559233 0.27580565214157104 537
1750133560511 0.22751390933990479 538
1750133561858 0.2518106997013092 539
1750133563146 0.21486756205558777 540
1750133564430 0.2111205756664276 541
1750133565717 0.29093384742736816 542
1750133567072 0.26401209831237793 543
1750133568369 0.2690291106700897 544
1750133569664 0.2533671259880066 545
1750133570941 0.2980329692363739 546
1750133572243 0.2548803985118866 547
1750133573537 0.2923058867454529 548
1750133574816 0.2780669033527374 549
1750133576102 0.27558502554893494 550
1750133577387 0.2953609824180603 551
1750133578673 0.3077806830406189 552
1750133579955 0.2563285529613495 553
1750133581231 0.2639288604259491 554
1750133582521 0.27151477336883545 555
1750133583768 0.38040345907211304 556
1750133585098 0.32833120226860046 557
1750133586390 0.2849573791027069 558
1750133587727 0.26598086953163147 559
1750133589045 0.2502390146255493 560
1750133590411 0.23532812297344208 561
1750133591958 0.3232192099094391 562
1750133593241 0.2540682852268219 563
1750133594575 0.2929930090904236 564
1750133595864 0.23982080817222595 565
1750133597142 0.2374187707901001 566
1750133598451 0.2780698537826538 567
1750133599662 0.4858168959617615 568
1750133601042 0.26384249329566956 569
1750133602339 0.2527937889099121 570
1750133603632 0.27953991293907166 571
1750133604935 0.28956785798072815 572
1750133606286 0.23980358242988586 573
1750133607577 0.2439863681793213 574
1750133608875 0.1986611932516098 575
1750133610162 0.25633105635643005 576
1750133611449 0.24379023909568787 577
1750133612733 0.24832165241241455 578
1750133614051 0.23487228155136108 579
1750133615365 0.272172212600708 580
1750133616651 0.2896500527858734 581
1750133617964 0.2650299668312073 582
1750133619258 0.1804751455783844 583
1750133620464 0.2431197464466095 584
1750133621748 0.2790985405445099 585
1750133622947 0.2721400856971741 586
1750133624157 0.3544193506240845 587
1750133625416 0.3498746156692505 588
1750133626728 0.23575490713119507 589
1750133628024 0.2279338836669922 590
1750133629311 0.2947350740432739 591
1750133630611 0.2412012219429016 592
1750133631847 0.3088208734989166 593
1750133633125 0.21561414003372192 594
1750133634426 0.256862610578537 595
1750133635714 0.2199060171842575 596
1750133637003 0.27998483180999756 597
1750133638292 0.2519834637641907 598
1750133639593 0.2447434961795807 599
1750133640880 0.2918933629989624 600
1750133642136 0.3337920010089874 601
1750133643444 0.2571251392364502 602
1750133644707 0.28027015924453735 603
1750133646087 0.3425166606903076 604
1750133647378 0.27339935302734375 605
1750133648664 0.26164594292640686 606
1750133649955 0.259932279586792 607
1750133651262 0.24328243732452393 608
1750133652593 0.25534865260124207 609
1750133653804 0.3918786644935608 610
1750133655110 0.2722592353820801 611
1750133656440 0.31730276346206665 612
1750133657729 0.19525688886642456 613
1750133659057 0.2937507629394531 614
1750133660354 0.251843124628067 615
1750133661642 0.2613654136657715 616
1750133662869 0.27333274483680725 617
1750133664150 0.2684842348098755 618
1750133665407 0.2587360441684723 619
1750133666751 0.26340335607528687 620
1750133668053 0.25470203161239624 621
1750133669343 0.2917296290397644 622
1750133670640 0.27499470114707947 623
1750133672008 0.2606540620326996 624
1750133673299 0.2362813949584961 625
1750133674593 0.2502695322036743 626
1750133675894 0.2288387417793274 627
1750133677182 0.25526994466781616 628
1750133678471 0.22224995493888855 629
1750133679754 0.24556513130664825 630
1750133681047 0.23620769381523132 631
1750133682337 0.2585316002368927 632
1750133683588 0.28066718578338623 633
1750133684882 0.2932998538017273 634
1750133686169 0.2735626697540283 635
1750133687453 0.2625513970851898 636
1750133688732 0.2533588409423828 637
1750133690025 0.3269972801208496 638
1750133691324 0.23596422374248505 639
1750133692626 0.26712268590927124 640
1750133693932 0.29006248712539673 641
1750133695219 0.25428804755210876 642
1750133696540 0.33951225876808167 643
1750133697860 0.22221145033836365 644
1750133699145 0.25179001688957214 645
1750133700439 0.23052102327346802 646
1750133701737 0.30568814277648926 647
1750133703031 0.22218796610832214 648
1750133704394 0.26268714666366577 649
1750133705678 0.25268304347991943 650
1750133707002 0.3036503195762634 651
1750133708319 0.22350642085075378 652
1750133709632 0.24519246816635132 653
1750133710947 0.26610875129699707 654
1750133712239 0.19782671332359314 655
1750133713538 0.23205944895744324 656
1750133714847 0.2710909843444824 657
1750133716181 0.23942780494689941 658
1750133717481 0.22738869488239288 659
1750133718888 0.25932711362838745 660
1750133720244 0.25832873582839966 661
1750133721526 0.2557241916656494 662
1750133722896 0.244314044713974 663
1750133724194 0.29219889640808105 664
1750133725490 0.23611004650592804 665
1750133726807 0.2530623972415924 666
1750133728111 0.2617989480495453 667
1750133729463 0.24034449458122253 668
1750133730767 0.2923610210418701 669
1750133732054 0.2830857038497925 670
1750133733376 0.2795218825340271 671
1750133734662 0.27951550483703613 672
1750133735865 0.3370714783668518 673
1750133737162 0.24063245952129364 674
1750133738463 0.24184755980968475 675
1750133739747 0.2546716332435608 676
1750133741029 0.28540581464767456 677
1750133742335 0.2838178277015686 678
1750133743589 0.3466074764728546 679
1750133744871 0.2932538390159607 680
1750133746207 0.2273755669593811 681
1750133747517 0.2145368456840515 682
1750133748844 0.24328258633613586 683
1750133750158 0.26301315426826477 684
1750133751470 0.24683848023414612 685
1750133752763 0.2363584190607071 686
1750133754058 0.21957850456237793 687
1750133755382 0.28603294491767883 688
1750133756665 0.26828595995903015 689
1750133757970 0.1907198429107666 690
1750133759249 0.24665683507919312 691
1750133760533 0.2581348419189453 692
1750133761843 0.25237220525741577 693
1750133763047 0.31046754121780396 694
1750133764336 0.25285080075263977 695
1750133765632 0.18231552839279175 696
1750133766924 0.2630539536476135 697
1750133768214 0.25241619348526 698
1750133769506 0.27381467819213867 699
1750133770743 0.3726176619529724 700
1750133772059 0.21831637620925903 701
1750133773356 0.19375251233577728 702
1750133774652 0.2316420078277588 703
1750133775937 0.2575514316558838 704
1750133777224 0.2405504733324051 705
1750133778506 0.26637840270996094 706
1750133779842 0.2861192226409912 707
1750133781167 0.29304540157318115 708
1750133782454 0.2730516195297241 709
1750133783734 0.23336416482925415 710
1750133785079 0.2462690770626068 711
1750133786386 0.22883731126785278 712
1750133787683 0.2360323816537857 713
1750133788959 0.25979000329971313 714
1750133790256 0.27379921078681946 715
1750133791549 0.2437920868396759 716
1750133792840 0.2815369665622711 717
1750133794124 0.2671016454696655 718
1750133795438 0.2248336523771286 719
1750133796761 0.2653811573982239 720
1750133798013 0.2844897508621216 721
1750133799295 0.2404220849275589 722
1750133800648 0.2637935280799866 723
1750133801948 0.22239452600479126 724
1750133803244 0.2729431092739105 725
1750133804555 0.24625609815120697 726
1750133805848 0.2857471704483032 727
1750133807157 0.22977083921432495 728
1750133808516 0.22188064455986023 729
1750133809800 0.24841347336769104 730
1750133811093 0.23690348863601685 731
1750133812460 0.20358221232891083 732
1750133813736 0.21800780296325684 733
1750133815027 0.28653794527053833 734
1750133816246 0.3442116975784302 735
1750133817546 0.24612034857273102 736
1750133818837 0.24256953597068787 737
1750133820045 0.29698646068573 738
1750133821340 0.24874356389045715 739
1750133822632 0.26314038038253784 740
1750133823953 0.24215254187583923 741
1750133825245 0.2353302538394928 742
1750133826586 0.27445030212402344 743
1750133827924 0.27077776193618774 744
1750133829259 0.25467365980148315 745
1750133830561 0.2345128208398819 746
1750133831918 0.24798502027988434 747
1750133833269 0.23135457932949066 748
1750133834573 0.23023071885108948 749
1750133835865 0.2863149642944336 750
1750133837210 0.24624375998973846 751
1750133838499 0.224856436252594 752
1750133839799 0.1552913933992386 753
1750133841099 0.23303499817848206 754
1750133842391 0.2515741288661957 755
1750133843712 0.25621476769447327 756
1750133845024 0.27859583497047424 757
1750133846313 0.2385694682598114 758
1750133847615 0.2395746111869812 759
1750133848922 0.2558697462081909 760
1750133850220 0.2635279595851898 761
1750133851501 0.3061285614967346 762
1750133852807 0.22331316769123077 763
1750133854137 0.261375367641449 764
1750133855435 0.28153032064437866 765
1750133856720 0.2622472047805786 766
1750133857949 0.28176528215408325 767
1750133859275 0.23088189959526062 768
1750133860564 0.22187218070030212 769
1750133861859 0.3097793459892273 770
1750133863156 0.21448981761932373 771
1750133864373 0.26045018434524536 772
1750133865670 0.2608298659324646 773
1750133866960 0.25338175892829895 774
1750133868257 0.22040128707885742 775
1750133869640 0.2742930054664612 776
1750133870929 0.24901935458183289 777
1750133872245 0.27831152081489563 778
1750133873548 0.25763869285583496 779
1750133874841 0.23396316170692444 780
1750133876127 0.20313212275505066 781
1750133877416 0.24268695712089539 782
1750133878779 0.2705830931663513 783
1750133880087 0.2671394348144531 784
1750133881376 0.26824134588241577 785
1750133882665 0.248421773314476 786
1750133883899 0.21435633301734924 787
1750133885182 0.2472810298204422 788
1750133886415 0.2609809935092926 789
1750133887700 0.20855340361595154 790
1750133888998 0.2065759003162384 791
1750133890315 0.2451930195093155 792
1750133891604 0.25171804428100586 793
1750133892896 0.23138979077339172 794
1750133894263 0.2515054941177368 795
1750133895553 0.24736884236335754 796
1750133896851 0.23934465646743774 797
1750133898154 0.19033285975456238 798
1750133899454 0.2619846761226654 799
1750133900787 0.21729084849357605 800
1750133902076 0.23730731010437012 801
1750133903383 0.2097768485546112 802
1750133904635 0.34810084104537964 803
1750133905924 0.28539329767227173 804
1750133907226 0.25263863801956177 805
1750133908516 0.24956196546554565 806
1750133909810 0.24746733903884888 807
1750133911122 0.24127501249313354 808
1750133912412 0.2737430930137634 809
1750133913747 0.250227153301239 810
1750133915050 0.24862372875213623 811
1750133916343 0.25149405002593994 812
1750133917556 0.2697235643863678 813
1750133918855 0.22436919808387756 814
1750133920145 0.25447872281074524 815
1750133921438 0.24199901521205902 816
1750133922728 0.22438561916351318 817
1750133924014 0.20311427116394043 818
1750133925324 0.2635921835899353 819
1750133926617 0.2685942053794861 820
1750133927931 0.24629612267017365 821
1750133929215 0.2758789658546448 822
1750133930507 0.2737904191017151 823
1750133931797 0.2535882890224457 824
1750133933122 0.22076450288295746 825
1750133934411 0.2240811288356781 826
1750133935650 0.30075687170028687 827
1750133936947 0.24744772911071777 828
1750133938230 0.26861876249313354 829
1750133939514 0.25736525654792786 830
1750133940833 0.23770619928836823 831
1750133942156 0.18260203301906586 832
1750133943456 0.22329416871070862 833
1750133944740 0.23593585193157196 834
1750133946090 0.23384776711463928 835
1750133947392 0.2715533375740051 836
1750133948612 0.2612333297729492 837
1750133949931 0.25898662209510803 838
1750133951215 0.27049484848976135 839
1750133952509 0.2647562026977539 840
1750133953808 0.2268608659505844 841
1750133955098 0.2657783031463623 842
1750133956401 0.21585318446159363 843
1750133957625 0.2707824110984802 844
1750133958853 0.35457172989845276 845
1750133960134 0.266437828540802 846
1750133961461 0.22085988521575928 847
1750133962795 0.24786993861198425 848
1750133964107 0.19168820977210999 849
1750133965428 0.22463509440422058 850
1750133966899 0.2553638219833374 851
1750133968197 0.2510126829147339 852
1750133969489 0.23313188552856445 853
1750133970785 0.23550476133823395 854
1750133972077 0.24722641706466675 855
1750133973438 0.1981717348098755 856
1750133974740 0.23604974150657654 857
1750133976056 0.22820860147476196 858
1750133977346 0.2394670993089676 859
1750133978648 0.23327487707138062 860
1750133979941 0.2354223132133484 861
1750133981230 0.254652738571167 862
1750133982448 0.2519063353538513 863
1750133983821 0.24033299088478088 864
1750133985138 0.27238011360168457 865
1750133986426 0.24273231625556946 866
1750133987706 0.22715920209884644 867
1750133989022 0.2597247064113617 868
1750133990328 0.27830708026885986 869
1750133991694 0.24903377890586853 870
1750133992996 0.22312182188034058 871
1750133994347 0.22771389782428741 872
1750133995626 0.18449756503105164 873
1750133996921 0.2870329022407532 874
1750133998221 0.22457382082939148 875
1750133999479 0.2845582962036133 876
1750134000778 0.20915287733078003 877
1750134002088 0.2747436761856079 878
1750134003418 0.22815275192260742 879
1750134004731 0.2411419004201889 880
1750134006030 0.2562107443809509 881
1750134007333 0.2349206656217575 882
1750134008631 0.21854180097579956 883
1750134009952 0.241557314991951 884
1750134011261 0.17052337527275085 885
1750134012558 0.26509177684783936 886
1750134013859 0.2581998109817505 887
1750134015151 0.257820188999176 888
1750134016451 0.2510669231414795 889
1750134017735 0.2047317624092102 890
1750134019069 0.2742123305797577 891
1750134020365 0.2541208863258362 892
1750134021651 0.214533731341362 893
1750134022938 0.22895005345344543 894
1750134024168 0.4017319977283478 895
1750134025502 0.2291514128446579 896
1750134026801 0.2700202465057373 897
1750134028101 0.21295447647571564 898
1750134029402 0.22091218829154968 899
1750134030679 0.26378533244132996 900
1750134032001 0.2494872808456421 901
1750134033295 0.26406750082969666 902
1750134034619 0.217854842543602 903
1750134035976 0.2660810351371765 904
1750134037269 0.2893182337284088 905
1750134038553 0.25463777780532837 906
1750134039861 0.2675700783729553 907
1750134041163 0.2599586844444275 908
1750134042454 0.25703758001327515 909
1750134043749 0.23557408154010773 910
1750134044961 0.3647109866142273 911
1750134046302 0.20778688788414001 912
1750134047587 0.22133082151412964 913
1750134048802 0.3916492164134979 914
1750134050109 0.25435522198677063 915
1750134051436 0.25038614869117737 916
1750134052723 0.24134708940982819 917
1750134054023 0.235958069562912 918
1750134055327 0.21991059184074402 919
1750134056632 0.20518921315670013 920
1750134057921 0.23751869797706604 921
1750134059122 0.3413407504558563 922
1750134060333 0.30641844868659973 923
1750134061623 0.20075251162052155 924
1750134062994 0.25620633363723755 925
1750134064289 0.21836784482002258 926
1750134065535 0.2558887302875519 927
1750134066827 0.23737892508506775 928
1750134068115 0.236139714717865 929
1750134069400 0.24900178611278534 930
1750134070699 0.21099157631397247 931
1750134071997 0.24723099172115326 932
1750134073278 0.24180510640144348 933
1750134074568 0.28367459774017334 934
1750134075857 0.2360304594039917 935
1750134077161 0.2724900543689728 936
1750134078464 0.22363099455833435 937
1750134079747 0.20115037262439728 938
1750134081032 0.2443656027317047 939
1750134082349 0.22522088885307312 940
1750134083644 0.2560337781906128 941
1750134084936 0.2441464066505432 942
1750134086228 0.2007046341896057 943
1750134087521 0.259853720664978 944
1750134088803 0.2519184350967407 945
1750134090092 0.250680148601532 946
1750134091391 0.244703471660614 947
1750134092704 0.20440059900283813 948
1750134093993 0.1852237582206726 949
1750134095277 0.32893848419189453 950
1750134096570 0.2355002462863922 951
1750134097861 0.23713237047195435 952
1750134099167 0.2306189388036728 953
1750134100459 0.23659251630306244 954
1750134101752 0.26171714067459106 955
1750134103048 0.2148439884185791 956
1750134104339 0.2487572282552719 957
1750134105624 0.23342397809028625 958
1750134106915 0.27596282958984375 959
1750134108221 0.2453611195087433 960
1750134109521 0.20585501194000244 961
1750134110863 0.2644485831260681 962
1750134112159 0.2525044083595276 963
1750134113463 0.2940904200077057 964
1750134114757 0.23647338151931763 965
1750134116051 0.24113112688064575 966
1750134117342 0.23840239644050598 967
1750134118549 0.3948272466659546 968
1750134119829 0.2399790734052658 969
1750134121117 0.19138392806053162 970
1750134122423 0.2576019763946533 971
1750134123789 0.24803805351257324 972
1750134125081 0.23875848948955536 973
1750134126362 0.21589305996894836 974
1750134127652 0.22626790404319763 975
1750134128950 0.2463858723640442 976
1750134130262 0.2687954306602478 977
1750134131587 0.25443339347839355 978
1750134132907 0.20612362027168274 979
1750134134153 0.30085378885269165 980
1750134135514 0.20534648001194 981
1750134136825 0.24382193386554718 982
1750134138109 0.24742251634597778 983
1750134139403 0.24753232300281525 984
1750134140743 0.25648608803749084 985
1750134142030 0.192636638879776 986
1750134143328 0.20510701835155487 987
1750134144555 0.41312462091445923 988
1750134145963 0.22249843180179596 989
1750134147249 0.24986502528190613 990
1750134148547 0.2554439902305603 991
1750134149904 0.2268315702676773 992
1750134151208 0.24199053645133972 993
1750134152491 0.22054383158683777 994
1750134153781 0.3011729121208191 995
1750134155102 0.2009027898311615 996
1750134156404 0.23570357263088226 997
1750134157698 0.24306124448776245 998
1750134159058 0.2813602089881897 999
1750134160360 0.17390087246894836 1000
