1750940374235 0.19329451024532318 1
1750940419387 0.13482600450515747 2
1750940420293 0.1941116452217102 3
1750940421187 0.07915623486042023 4
1750940422080 0.1778632402420044 5
1750940423041 0.20570588111877441 6
1750940423954 0.15977124869823456 7
1750940424731 0.19764964282512665 8
1750940425637 0.09191956371068954 9
1750940426395 0.38173505663871765 10
1750940427284 0.1514122039079666 11
1750940428177 0.22181187570095062 12
1750940428931 0.4755624234676361 13
1750940429824 0.1507727950811386 14
1750940430711 0.15146556496620178 15
1750940431612 0.16693340241909027 16
1750940432518 0.1566760241985321 17
1750940433422 0.16127605736255646 18
1750940434307 0.17282773554325104 19
1750940435073 0.22893504798412323 20
1750940435969 0.13673147559165955 21
1750940436867 0.1432548463344574 22
1750940437758 0.13855676352977753 23
1750940438663 0.19386552274227142 24
1750940439551 0.15816982090473175 25
1750940440441 0.1883738487958908 26
1750940441195 0.15101610124111176 27
1750940441967 0.20695911347866058 28
1750940442854 0.12752626836299896 29
1750940443753 0.10924618691205978 30
1750940444658 0.14040738344192505 31
1750940445550 0.1505078822374344 32
1750940446426 0.2501528859138489 33
1750940447345 0.14167940616607666 34
1750940448242 0.1612377166748047 35
1750940449131 0.18299837410449982 36
1750940450015 0.16402247548103333 37
1750940450908 0.14076738059520721 38
1750940451793 0.2236427515745163 39
1750940452691 0.19008994102478027 40
1750940453583 0.20795181393623352 41
1750940454347 0.39928194880485535 42
1750940455226 0.17960326373577118 43
1750940456128 0.22980670630931854 44
1750940456880 0.03091977909207344 45
1750940457792 0.15152354538440704 46
1750940458676 0.14251184463500977 47
1750940459572 0.19470711052417755 48
1750940460470 0.17822003364562988 49
1750940461371 0.2425476610660553 50
1750940462257 0.15955041348934174 51
1750940463146 0.1107766255736351 52
1750940464042 0.17829158902168274 53
1750940464938 0.16953402757644653 54
1750940465830 0.162119522690773 55
1750940466718 0.09095241874456406 56
1750940467604 0.15377366542816162 57
1750940468495 0.25009530782699585 58
1750940469385 0.23880906403064728 59
1750940470274 0.18478597700595856 60
1750940471175 0.2614184319972992 61
1750940472066 0.13705699145793915 62
1750940472964 0.14940635859966278 63
1750940473864 0.21067190170288086 64
1750940474748 0.21052618324756622 65
1750940475664 0.13033440709114075 66
1750940476552 0.14265196025371552 67
1750940477307 0.5327305197715759 68
1750940478195 0.12416119873523712 69
1750940479124 0.2717902362346649 70
1750940480020 0.15628676116466522 71
