1. resume - 4001, epoch=3
index,batch
0,[2941, 13414, 9587, 3366, 11610, 2192, 91, 1914]
1,[8580, 4722, 5941, 10323, 140, 1835, 14383, 1986]
2,[12410, 9678, 11986, 5452, 13110, 14214, 7603, 10189]
401,[2857, 7903, 5277, 13754, 13637, 7691, 3440, 4676]

2. no resume, no valid
index,batch
0,[4323, 4666, 831, 9917, 3039, 10489, 1270, 10140]
1,[10416, 11752, 5973, 10912, 4479, 395, 499, 5452]
2,[14300, 13153, 4277, 12920, 13389, 7298, 11278, 10194]

3. resume - 1001, no valid（两次不同的训练的相同训练步数resume，取到的batch是相同的）
index,batch
0,[8947, 12299, 11702, 13611, 3077, 4284, 13920, 11059]
1,[12941, 4479, 8704, 213, 8210, 13144, 14180, 6750]

**2和3不同的原因是，log_validation会推进随机数生成器的状态，3比2多了3次状态推进
（step=0,1,1000的时候进行了三次推理）